1258747564778328108
1258747564778328108
1258747579525500974
1258747598282428464
1258747612983463986
1258759706566987874
1258759707670089827
1258747564778328108
1258747579525500974
1258747598282428464
1258747612983463986
1258759706566987874
1258759707670089827
1258759708500562022
1258759708500562021
1258759878420205687
1258759879242289273
1258759880538329210
1258759880542523515
1258761157334798465
1258761157343187074
1258761159218040964
1258761160530858117
1258761839815168176
1258761841698410673
1258761838380716204
1258761839169245357
1258761839810973871
1258761839810973870
1258761963433889976
1258764376731553982
1258764379579486401
1258764375620063421
1258764376739942591
1258764378132451520
1258764391550030023
1258764393110311112
1258764396180541641
1258764399670202571
1258764410470535377
1258764411493945554
1258764419760918742
1258764416699076819
1258764423435129048
1258764418645233876
1258764429248434396
1258764433233023198
1258764437142114527
1258764438249410784
1258764445161623780
1258764459212542185
1258764900642066670
1258764901476733167
1258764902122655985
1258764899589296365
1258764902122655984
1258764914806231287
